#cam0,1,2는 3차시까지 캘리브레이션 데이터 취득했습니다.
#cam3,4,5는 뒤에 코라 작업이 있다고 해서 2차시까지만 캘리브레이션 데이터 취득했습니다.

#################cam0 1차시#######################################################################################################################


[image]

width
1280

height
720

[narrow_stereo]

camera matrix
683.809923 0.000000 646.971543
0.000000 685.772634 361.097984
0.000000 0.000000 1.000000

distortion
-0.272677 0.053484 -0.001186 -0.001468 0.000000

rectification
1.000000 0.000000 0.000000
0.000000 1.000000 0.000000
0.000000 0.000000 1.000000

projection
462.625270 0.000000 643.078853 0.000000
0.000000 628.538627 360.463162 0.000000
0.000000 0.000000 1.000000 0.000000


#################cam0 2차시###############################################################


[image]

width
1280

height
720

[narrow_stereo]

camera matrix
718.912124 0.000000 634.782782
0.000000 721.964826 359.484497
0.000000 0.000000 1.000000

distortion
-0.279405 0.057915 -0.000061 0.000354 0.000000

rectification
1.000000 0.000000 0.000000
0.000000 1.000000 0.000000
0.000000 0.000000 1.000000

projection
505.939383 0.000000 633.179729 0.000000
0.000000 666.872422 359.436159 0.000000
0.000000 0.000000 1.000000 0.000000


#################cam0 3차시###############################################################

[image]

width
1280

height
720

[narrow_stereo]

camera matrix
690.516242 0.000000 637.689178
0.000000 690.821798 360.599901
0.000000 0.000000 1.000000

distortion
-0.276120 0.056905 0.000445 0.000443 0.000000

rectification
1.000000 0.000000 0.000000
0.000000 1.000000 0.000000
0.000000 0.000000 1.000000

projection
475.296605 0.000000 639.100745 0.000000
0.000000 633.462048 361.178653 0.000000
0.000000 0.000000 1.000000 0.000000



#################cam1 1차시#######################################################################################################################

[image]

width
1280

height
720

[narrow_stereo]

camera matrix
703.705881 0.000000 648.369444
0.000000 706.037859 341.515844
0.000000 0.000000 1.000000

distortion
-0.285017 0.060908 0.000753 -0.001147 0.000000

rectification
1.000000 0.000000 0.000000
0.000000 1.000000 0.000000
0.000000 0.000000 1.000000

projection
486.334676 0.000000 647.535034 0.000000
0.000000 647.738256 338.536906 0.000000
0.000000 0.000000 1.000000 0.000000



#################cam1 2차시#####################################################################

[image]

width
1280

height
720

[narrow_stereo]

camera matrix
696.305822 0.000000 652.723914
0.000000 698.706651 349.873203
0.000000 0.000000 1.000000

distortion
-0.281737 0.060252 0.000992 -0.001042 0.000000

rectification
1.000000 0.000000 0.000000
0.000000 1.000000 0.000000
0.000000 0.000000 1.000000

projection
482.426552 0.000000 654.751815 0.000000
0.000000 640.830073 348.727550 0.000000
0.000000 0.000000 1.000000 0.000000

#################cam1 3차시####################################################################

[image]

width
1280

height
720

[narrow_stereo]

camera matrix
700.781989 0.000000 649.700856
0.000000 702.097099 345.452097
0.000000 0.000000 1.000000

distortion
-0.290562 0.063911 0.000027 -0.000339 0.000000

rectification
1.000000 0.000000 0.000000
0.000000 1.000000 0.000000
0.000000 0.000000 1.000000

projection
482.259687 0.000000 653.462124 0.000000
0.000000 642.226249 342.574210 0.000000
0.000000 0.000000 1.000000 0.000000


#################cam2 1차시########################################################################################################################################

[image]

width
1280

height
720

[narrow_stereo]

camera matrix
680.064384 0.000000 645.031383
0.000000 680.488191 350.162058
0.000000 0.000000 1.000000

distortion
-0.300892 0.073570 0.000241 -0.000265 0.000000

rectification
1.000000 0.000000 0.000000
0.000000 1.000000 0.000000
0.000000 0.000000 1.000000

projection
477.420969 0.000000 643.030742 0.000000
0.000000 616.527125 348.207545 0.000000
0.000000 0.000000 1.000000 0.000000

**** Calibrating ****
mono pinhole calibration...


#################cam2 2차시####################################################################

[image]

width
1280

height
720

[narrow_stereo]

camera matrix
688.422577 0.000000 656.116719
0.000000 690.045881 353.437993
0.000000 0.000000 1.000000

distortion
-0.279452 0.058039 0.000458 -0.000937 0.000000

rectification
1.000000 0.000000 0.000000
0.000000 1.000000 0.000000
0.000000 0.000000 1.000000

projection
471.162134 0.000000 660.597174 0.000000
0.000000 631.683401 352.558193 0.000000
0.000000 0.000000 1.000000 0.000000

#################cam2 3차시####################################################################

image]

width
1280

height
720

[narrow_stereo]

camera matrix
708.396995 0.000000 629.104617
0.000000 708.180105 352.682278
0.000000 0.000000 1.000000

distortion
-0.285512 0.060462 0.000497 0.000890 0.000000

rectification
1.000000 0.000000 0.000000
0.000000 1.000000 0.000000
0.000000 0.000000 1.000000

projection
489.524580 0.000000 627.101382 0.000000
0.000000 650.330411 351.719010 0.000000
0.000000 0.000000 1.000000 0.000000



#################cam3 1차시########################################################################################################################################

[image]

width
1280

height
720

[narrow_stereo]

camera matrix
688.259804 0.000000 628.698189
0.000000 691.363704 336.461624
0.000000 0.000000 1.000000

distortion
-0.266800 0.052041 -0.000298 -0.000276 0.000000

rectification
1.000000 0.000000 0.000000
0.000000 1.000000 0.000000
0.000000 0.000000 1.000000

projection
474.308842 0.000000 619.160117 0.000000
0.000000 635.003999 331.781877 0.000000
0.000000 0.000000 1.000000 0.000000



#################cam3 2차시####################################################################

[image]

width
1280

height
720

[narrow_stereo]

camera matrix
686.837154 0.000000 659.420257
0.000000 690.144568 348.350478
0.000000 0.000000 1.000000

distortion
-0.271155 0.054556 -0.000546 -0.002932 0.000000

rectification
1.000000 0.000000 0.000000
0.000000 1.000000 0.000000
0.000000 0.000000 1.000000

projection
473.707846 0.000000 655.387388 0.000000
0.000000 633.505092 345.708419 0.000000
0.000000 0.000000 1.000000 0.000000



#################cam4 1차시########################################################################################################################################

[image]

width
1280

height
720

[narrow_stereo]

camera matrix
682.122409 0.000000 655.406984
0.000000 681.857475 353.378455
0.000000 0.000000 1.000000

distortion
-0.286828 0.063540 0.001232 0.000078 0.000000

rectification
1.000000 0.000000 0.000000
0.000000 1.000000 0.000000
0.000000 0.000000 1.000000

projection
470.617882 0.000000 660.517565 0.000000
0.000000 621.098384 353.068367 0.000000
0.000000 0.000000 1.000000 0.000000

#################cam4 2차시########################################################################################################################################


[image]

width
1280

height
720

[narrow_stereo]

camera matrix
691.453794 0.000000 654.450042
0.000000 689.062024 343.980068
0.000000 0.000000 1.000000

distortion
-0.281711 0.057991 0.001704 -0.001230 0.000000

rectification
1.000000 0.000000 0.000000
0.000000 1.000000 0.000000
0.000000 0.000000 1.000000

projection
469.887552 0.000000 656.613690 0.000000
0.000000 629.874119 342.112492 0.000000
0.000000 0.000000 1.000000 0.000000



#################cam5 1차시########################################################################################################################################


[image]

width
1280

height
720

[narrow_stereo]

camera matrix
694.056828 0.000000 623.672437
0.000000 692.042623 352.254748
0.000000 0.000000 1.000000

distortion
-0.280240 0.058447 0.001176 0.001415 0.000000

rectification
1.000000 0.000000 0.000000
0.000000 1.000000 0.000000
0.000000 0.000000 1.000000

projection
477.172386 0.000000 621.883077 0.000000
0.000000 633.775046 351.714696 0.000000
0.000000 0.000000 1.000000 0.000000



#################cam5 2차시########################################################################################################################################

[image]

width
1280

height
720

[narrow_stereo]

camera matrix
707.404109 0.000000 632.481030
0.000000 706.842664 371.192546
0.000000 0.000000 1.000000

distortion
-0.281849 0.058830 -0.001126 0.000468 0.000000

rectification
1.000000 0.000000 0.000000
0.000000 1.000000 0.000000
0.000000 0.000000 1.000000

projection
490.124634 0.000000 630.225417 0.000000
0.000000 649.629241 372.604890 0.000000
0.000000 0.000000 1.000000 0.000000



