**** Calibrating ****
mono pinhole calibration...
D = [-0.4282088281171379, 0.20259260412967856, -0.0007093971066367745, 0.0008285810202765106, 0.0]
K = [648.2426431672167, 0.0, 304.7286501412857, 0.0, 638.9927193101898, 227.91264488238477, 0.0, 0.0, 1.0]
R = [1.0, 0.0, 0.0, 0.0, 1.0, 0.0, 0.0, 0.0, 1.0]
P = [573.385009765625, 0.0, 300.81450501085783, 0.0, 0.0, 596.4790649414062, 225.47268990768134, 0.0, 0.0, 0.0, 1.0, 0.0]
None
# oST version 5.0 parameters


[image]

width
640

height
480

[narrow_stereo]

camera matrix
648.242643 0.000000 304.728650
0.000000 638.992719 227.912645
0.000000 0.000000 1.000000

distortion
-0.428209 0.202593 -0.000709 0.000829 0.000000

rectification
1.000000 0.000000 0.000000
0.000000 1.000000 0.000000
0.000000 0.000000 1.000000

projection
573.385010 0.000000 300.814505 0.000000
0.000000 596.479065 225.472690 0.000000
0.000000 0.000000 1.000000 0.000000
